=== Performance Metrics ===
Frames: 129

Frame Time:
  avg: 0.4ms
  min: 0ms
  max: 1.7ms

Layout Time:
  avg: 0ms
  min: 0ms
  max: 0ms

Paint Time:
  avg: 0ms
  min: 0ms
  max: 0ms

Memory: 54MB heap
FPS (last frame): 874

Raw frame times (ms): 0.07, 0.41, 0.02, 0.02, 0.01, 0.02, 0.01, 0.01, 0.01, 0.01, 0.01, 0.01, 0.01, 0.01, 0.98, 0.21, 0.10, 0.11, 0.17, 0.09, 0.08, 0.81, 0.01, 0.01, 0.04, 0.02, 0.02, 0.01, 0.01, 0.02, 0.00, 0.00, 0.00, 0.00, 0.00, 0.00, 0.00, 0.00, 0.00, 0.50, 0.01, 0.60, 0.09, 0.11, 0.09, 0.13, 0.15, 0.12, 0.22, 0.15, 0.39, 1.27, 0.09, 1.72, 0.08, 0.57, 0.06, 1.22, 0.06, 1.36, 0.12, 0.88, 0.56, 0.79, 0.16, 0.75, 0.12, 0.77, 0.15, 1.22, 0.13, 1.09, 0.07, 0.63, 0.06, 1.60, 0.07, 0.87, 0.07, 1.61, 0.07, 1.53, 0.07, 0.70, 0.31, 0.83, 0.15, 1.12, 0.15, 0.84, 0.16, 0.96, 0.14, 0.73, 0.10, 1.01, 0.15, 0.83, 0.30, 0.82, 0.14, 1.02, 0.13, 0.81, 0.21, 1.17, 0.14, 1.27, 0.15, 1.61, 0.14, 0.93, 0.15, 0.97, 0.16, 0.85, 0.16, 1.12, 0.13, 1.14
